     1     8    32     5
   ISITE:     1    R=      0.0000000     0.0000000     0.0000000  Hydrogen-like    :    dxy   
   ISITE:     1    R=      0.0000000     0.0000000     0.0000000  Hydrogen-like    :    dyz   
   ISITE:     1    R=      0.0000000     0.0000000     0.0000000  Hydrogen-like    :    dz2   
   ISITE:     1    R=      0.0000000     0.0000000     0.0000000  Hydrogen-like    :    dxz   
   ISITE:     1    R=      0.0000000     0.0000000     0.0000000  Hydrogen-like    :   dx2-y2 
 
     1     1     1     1       -0.0000000000        0.0000000000
     1     1     1     2        0.0000000000       -0.0000000000
     1     1     1     3        0.0000000000       -0.0000000000
     1     1     1     4       -0.0000000000        0.0000000000
     1     1     1     5       -0.0000000000        0.0000000000
 
     1     1     2     1        0.0000000000       -0.0000000000
     1     1     2     2       -0.0000000000        0.0000000001
     1     1     2     3        0.0000000000       -0.0000000000
     1     1     2     4        0.0000000000       -0.0000000000
     1     1     2     5       -0.0000000000        0.0000000000
 
     1     1     3     1        0.0000000000       -0.0000000000
     1     1     3     2       -0.0000000000        0.0000000000
     1     1     3     3       -0.0000000000        0.0000000000
     1     1     3     4       -0.0000000000        0.0000000000
     1     1     3     5        0.0000000000       -0.0000000001
 
     1     1     4     1       -0.0001769945       -0.0001395557
     1     1     4     2        0.0001443255        0.0001137970
     1     1     4     3        0.0000077059        0.0000060759
     1     1     4     4        0.0001442795        0.0001137607
     1     1     4     5       -0.0000007582       -0.0000005978
 
     1     1     5     1       -0.0002076335        0.0001701916
     1     1     5     2        0.5304833849       -0.4348231323
     1     1     5     3        0.0000000583       -0.0000000478
     1     1     5     4       -0.5299624323        0.4343961213
     1     1     5     5       -0.0005687138        0.0004661596
 
     1     1     6     1        0.6901258168       -0.4890351057
     1     1     6     2       -0.2729202645        0.1933960260
     1     1     6     3        0.0085320369       -0.0060459491
     1     1     6     4       -0.2734589191        0.1937777260
     1     1     6     5        0.0000018277       -0.0000012951
 
     1     1     7     1       -0.1148552849        0.4593739853
     1     1     7     2       -0.1450430130        0.5801125044
     1     1     7     3       -0.0015476231        0.0061898571
     1     1     7     4       -0.1451405727        0.5805027031
     1     1     7     5        0.0000010883       -0.0000043527
 
     1     1     8     1        0.0119198893        0.0017322974
     1     1     8     2        0.0003189034        0.0000463457
     1     1     8     3       -0.9601600431       -0.1395384414
     1     1     8     4        0.0003152139        0.0000458095
     1     1     8     5       -0.0007476848       -0.0001086598
 
     1     1     9     1       -0.0000076104       -0.0000055296
     1     1     9     2       -0.0004171104       -0.0003030645
     1     1     9     3        0.0006110629        0.0004439868
     1     1     9     4        0.0004106451        0.0002983670
     1     1     9     5       -0.7849601698       -0.5703371953
 
     1     1    10     1        0.0000000000       -0.0000000001
     1     1    10     2        0.0000000001       -0.0000000003
     1     1    10     3        0.0000000000       -0.0000000001
     1     1    10     4       -0.0000000000        0.0000000001
     1     1    10     5       -0.0000000000        0.0000000000
 
     1     1    11     1        0.0000000000       -0.0000000001
     1     1    11     2        0.0000000000       -0.0000000000
     1     1    11     3       -0.0000000001        0.0000000002
     1     1    11     4        0.0000000000       -0.0000000001
     1     1    11     5       -0.0000000000        0.0000000001
 
     1     1    12     1        0.0000000001       -0.0000000002
     1     1    12     2        0.0000000000       -0.0000000001
     1     1    12     3       -0.0000000000        0.0000000000
     1     1    12     4        0.0000000001       -0.0000000002
     1     1    12     5       -0.0000000000        0.0000000000
 
     1     1    13     1        0.0000415822        0.0000458128
     1     1    13     2        0.0000015336        0.0000016897
     1     1    13     3       -0.0925860330       -0.1020060118
     1     1    13     4        0.0000015203        0.0000016749
     1     1    13     5       -0.0000523253       -0.0000576490
 
     1     1    14     1       -0.0000000008        0.0000000371
     1     1    14     2       -0.0000004735        0.0000213309
     1     1    14     3        0.0000017426       -0.0000785046
     1     1    14     4        0.0000004710       -0.0000212189
     1     1    14     5       -0.0030617233        0.1379311470
 
     1     1    15     1       -0.0001022040        0.0017696093
     1     1    15     2        0.0000169904       -0.0002941793
     1     1    15     3       -0.0000419322        0.0007260348
     1     1    15     4        0.0000169090       -0.0002927703
     1     1    15     5        0.0000000670       -0.0000011594
 
     1     1    16     1        0.0000171714       -0.0000569200
     1     1    16     2       -0.0392853025        0.1302236505
     1     1    16     3       -0.0000000279        0.0000000925
     1     1    16     4        0.0392663955       -0.1301609771
     1     1    16     5        0.0000027193       -0.0000090140
 
     1     1    17     1       -0.0543813924        0.1818989140
     1     1    17     2       -0.0068223485        0.0228198972
     1     1    17     3        0.0002097112       -0.0007014577
     1     1    17     4       -0.0068019077        0.0227515252
     1     1    17     5       -0.0000000211        0.0000000707
 
     1     1    18     1       -0.0098387734        0.0324343242
     1     1    18     2        0.0389310811       -0.1283395048
     1     1    18     3        0.0000371478       -0.0001224608
     1     1    18     4        0.0389543518       -0.1284162189
     1     1    18     5        0.0000000677       -0.0000002230
 
     1     1    19     1        0.0000000000       -0.0000000001
     1     1    19     2       -0.0000000000        0.0000000002
     1     1    19     3        0.0000000000       -0.0000000000
     1     1    19     4       -0.0000000001        0.0000000001
     1     1    19     5        0.0000000001        0.0000000000
 
     1     1    20     1        0.0000000000       -0.0000000001
     1     1    20     2        0.0000000000       -0.0000000001
     1     1    20     3       -0.0000000000        0.0000000000
     1     1    20     4        0.0000000001       -0.0000000002
     1     1    20     5        0.0000000000       -0.0000000001
 
     1     1    21     1        0.0000000001       -0.0000000002
     1     1    21     2        0.0000000001       -0.0000000000
     1     1    21     3       -0.0000000000        0.0000000000
     1     1    21     4        0.0000000000       -0.0000000002
     1     1    21     5       -0.0000000000        0.0000000000
 
     1     1    22     1       -0.0000637325        0.0002329280
     1     1    22     2        0.0000192779       -0.0000704565
     1     1    22     3        0.0000080117       -0.0000292810
     1     1    22     4        0.0000192369       -0.0000703067
     1     1    22     5       -0.0000000559        0.0000002042
 
     1     1    23     1       -0.0000000000        0.0000000000
     1     1    23     2       -0.0000000010        0.0000000000
     1     1    23     3       -0.0000000000       -0.0000000000
     1     1    23     4        0.0000000011       -0.0000000001
     1     1    23     5       -0.0000000004       -0.0000000000
 
     1     1    24     1        0.0000000001        0.0000000000
     1     1    24     2       -0.0000000003       -0.0000000000
     1     1    24     3       -0.0000000001        0.0000000001
     1     1    24     4        0.0000000002       -0.0000000002
     1     1    24     5        0.0000000001        0.0000000003
 
     1     1    25     1       -0.0000000000       -0.0000000000
     1     1    25     2       -0.0000000007       -0.0000000000
     1     1    25     3       -0.0000000000        0.0000000000
     1     1    25     4        0.0000000008       -0.0000000001
     1     1    25     5       -0.0000000003       -0.0000000001
 
     1     1    26     1       -0.0000901934        0.0000217369
     1     1    26     2        0.0000018548       -0.0000004470
     1     1    26     3        0.1309052691       -0.0315485536
     1     1    26     4        0.0000018562       -0.0000004473
     1     1    26     5        0.0000788170       -0.0000189952
 
     1     1    27     1        0.0000000205       -0.0000000584
     1     1    27     2       -0.0000000443        0.0000001266
     1     1    27     3       -0.0000269613        0.0000767952
     1     1    27     4        0.0000000471       -0.0000001345
     1     1    27     5        0.0446256459       -0.1271094586
 
     1     1    28     1        0.0000881285        0.0000179363
     1     1    28     2       -0.0000424688       -0.0000086434
     1     1    28     3        0.0000146432        0.0000029802
     1     1    28     4       -0.0000424438       -0.0000086384
     1     1    28     5        0.0000000625        0.0000000127
 
     1     1    29     1       -0.0000000003        0.0000000000
     1     1    29     2       -0.0000000065        0.0000000003
     1     1    29     3       -0.0000000001        0.0000000000
     1     1    29     4        0.0000000067       -0.0000000003
     1     1    29     5       -0.0000000026        0.0000000002
 
     1     1    30     1        0.0000000037       -0.0000000022
     1     1    30     2       -0.0000000201       -0.0000000074
     1     1    30     3        0.0000000024       -0.0000000008
     1     1    30     4        0.0000000201        0.0000000078
     1     1    30     5       -0.0000000299       -0.0000000101
 
     1     1    31     1       -0.0000000139        0.0000000134
     1     1    31     2        0.0000000434       -0.0000000336
     1     1    31     3       -0.0000000135        0.0000000036
     1     1    31     4       -0.0000000370        0.0000000438
     1     1    31     5        0.0000001029        0.0000000149
 
     1     1    32     1        0.0000000384       -0.0000000313
     1     1    32     2       -0.0000004837       -0.0000000166
     1     1    32     3        0.0000000031       -0.0000000004
     1     1    32     4        0.0000005626        0.0000000066
     1     1    32     5       -0.0000002442        0.0000000210
 
     1     2     1     1       -0.0000000000        0.0000000000
     1     2     1     2        0.0000000000       -0.0000000001
     1     2     1     3        0.0000000000       -0.0000000000
     1     2     1     4       -0.0000000000        0.0000000000
     1     2     1     5       -0.0000000000        0.0000000000
 
     1     2     2     1        0.0000000000       -0.0000000000
     1     2     2     2       -0.0000000000        0.0000000000
     1     2     2     3       -0.0000000000        0.0000000001
     1     2     2     4       -0.0000000000        0.0000000000
     1     2     2     5        0.0000000000       -0.0000000001
 
     1     2     3     1       -0.0000000000        0.0000000000
     1     2     3     2        0.0000000000       -0.0000000000
     1     2     3     3       -0.0000000000        0.0000000000
     1     2     3     4        0.0000000000       -0.0000000000
     1     2     3     5       -0.0000000000        0.0000000000
 
     1     2     4     1       -0.0021351046        0.0030149083
     1     2     4     2       -0.5140706276        0.7259015552
     1     2     4     3       -0.2529485577        0.3571800090
     1     2     4     4        0.0027065039       -0.0038217616
     1     2     4     5        0.3915941618       -0.5529567258
 
     1     2     5     1        0.4342048123       -0.6139830036
     1     2     5     2       -0.0028407097        0.0040168774
     1     2     5     3        0.0002889821       -0.0004086323
     1     2     5     4       -0.4355946645        0.6159483103
     1     2     5     5        0.0030708773       -0.0043423436
 
     1     2     6     1        0.0000000001       -0.0000000001
     1     2     6     2       -0.0000000003        0.0000000004
     1     2     6     3        0.0000000001       -0.0000000001
     1     2     6     4       -0.0000000000        0.0000000000
     1     2     6     5        0.0000000001       -0.0000000001
 
     1     2     7     1       -0.0036382198        0.0051318232
     1     2     7     2        0.2323990764       -0.3278061894
     1     2     7     3       -0.2272636813        0.3205625535
     1     2     7     4       -0.0036928276        0.0052088491
     1     2     7     5        0.3202378865       -0.4517055872
 
     1     2     8     1        0.0033037996       -0.0046674959
     1     2     8     2        0.0074531154       -0.0105295084
     1     2     8     3        0.4470846650       -0.6316260393
     1     2     8     4        0.0064536351       -0.0091174765
     1     2     8     5        0.2471482938       -0.3491627206
 
     1     2     9     1       -0.3564859646        0.5038323465
     1     2     9     2       -0.0026877042        0.0037986133
     1     2     9     3        0.0082162127       -0.0116122208
     1     2     9     4       -0.3548054533        0.5014572293
     1     2     9     5        0.0004151595       -0.0005867574
 
     1     2    10     1       -0.0001233800        0.0001698028
     1     2    10     2       -0.0066073458        0.0090934191
     1     2    10     3       -0.0110202332        0.0151666951
     1     2    10     4        0.0004883820       -0.0006721402
     1     2    10     5        0.0164879185       -0.0226916463
 
     1     2    11     1        0.0000000000       -0.0000000000
     1     2    11     2       -0.0000000001        0.0000000001
     1     2    11     3       -0.0000000000        0.0000000000
     1     2    11     4       -0.0000000000        0.0000000000
     1     2    11     5        0.0000000001       -0.0000000001
 
     1     2    12     1       -0.0000000001        0.0000000001
     1     2    12     2        0.0000000001       -0.0000000002
     1     2    12     3        0.0000000001       -0.0000000001
     1     2    12     4        0.0000000001       -0.0000000002
     1     2    12     5       -0.0000000002        0.0000000002
 
     1     2    13     1       -0.0693831378        0.0982953517
     1     2    13     2       -0.0001397083        0.0001979253
     1     2    13     3        0.0001723386       -0.0002441528
     1     2    13     4        0.0691472495       -0.0979611680
     1     2    13     5        0.0000151040       -0.0000213979
 
     1     2    14     1       -0.0000643324        0.0000908739
     1     2    14     2       -0.0333836800        0.0471567265
     1     2    14     3       -0.0485670250        0.0686042378
     1     2    14     4        0.0000600652       -0.0000848462
     1     2    14     5        0.0754690776       -0.1066052232
 
     1     2    15     1       -0.0000000000        0.0000000000
     1     2    15     2        0.0000000001       -0.0000000001
     1     2    15     3        0.0000000000       -0.0000000000
     1     2    15     4       -0.0000000000        0.0000000001
     1     2    15     5       -0.0000000001        0.0000000002
 
     1     2    16     1       -0.0004019338        0.0005716588
     1     2    16     2        0.0577071015       -0.0820751386
     1     2    16     3        0.0190979969       -0.0271625277
     1     2    16     4        0.0000406449       -0.0000578081
     1     2    16     5       -0.0293148295        0.0416936326
 
     1     2    17     1        0.0000841747       -0.0001192628
     1     2    17     2       -0.0000502889        0.0000712517
     1     2    17     3       -0.0555958111        0.0787708359
     1     2    17     4       -0.0000697907        0.0000988829
     1     2    17     5       -0.0288851755        0.0409259147
 
     1     2    18     1        0.0000000000       -0.0000000001
     1     2    18     2        0.0000000000       -0.0000000001
     1     2    18     3       -0.0000000001        0.0000000001
     1     2    18     4       -0.0000000000        0.0000000000
     1     2    18     5       -0.0000000000        0.0000000000
 
     1     2    19     1       -0.0000000000        0.0000000000
     1     2    19     2        0.0000000000       -0.0000000001
     1     2    19     3        0.0000000001       -0.0000000001
     1     2    19     4       -0.0000000001        0.0000000001
     1     2    19     5       -0.0000000000        0.0000000000
 
     1     2    20     1       -0.0000741038        0.0001045187
     1     2    20     2       -0.0773137892        0.1090461533
     1     2    20     3        0.0055945934       -0.0078908160
     1     2    20     4        0.0000197470       -0.0000278518
     1     2    20     5       -0.0087072528        0.0122810230
 
     1     2    21     1       -0.0000000000        0.0000000001
     1     2    21     2       -0.0000000001        0.0000000002
     1     2    21     3        0.0000000000       -0.0000000000
     1     2    21     4       -0.0000000001        0.0000000001
     1     2    21     5        0.0000000000       -0.0000000000
 
     1     2    22     1       -0.0396341754        0.0560060353
     1     2    22     2        0.0000298683       -0.0000422062
     1     2    22     3        0.0000012542       -0.0000017722
     1     2    22     4        0.0395764518       -0.0559244676
     1     2    22     5        0.0001021376       -0.0001443281
 
     1     2    23     1       -0.0000000000        0.0000000000
     1     2    23     2        0.0000000000       -0.0000000000
     1     2    23     3        0.0000000001       -0.0000000001
     1     2    23     4       -0.0000000000        0.0000000000
     1     2    23     5        0.0000000000       -0.0000000001
 
     1     2    24     1        0.0000011447       -0.0000016164
     1     2    24     2        0.0000365248       -0.0000515734
     1     2    24     3       -0.0721840005        0.1019245608
     1     2    24     4       -0.0000861846        0.0001216936
     1     2    24     5       -0.0373750522        0.0527739631
 
     1     2    25     1       -0.0445133760        0.0724589242
     1     2    25     2       -0.0000405311        0.0000659766
     1     2    25     3        0.0001079517       -0.0001757239
     1     2    25     4       -0.0444409089        0.0723409622
     1     2    25     5        0.0001112448       -0.0001810844
 
     1     2    26     1        0.0000000002       -0.0000000003
     1     2    26     2        0.0000000000       -0.0000000000
     1     2    26     3       -0.0000000001        0.0000000002
     1     2    26     4        0.0000000002       -0.0000000003
     1     2    26     5       -0.0000000000        0.0000000000
 
     1     2    27     1       -0.0000848777        0.0001198168
     1     2    27     2       -0.0323342018        0.0456442694
     1     2    27     3        0.0047577041       -0.0067161678
     1     2    27     4       -0.0001047018        0.0001478013
     1     2    27     5       -0.0073322904        0.0103505583
 
     1     2    28     1        0.0000000000       -0.0000000001
     1     2    28     2       -0.0000000008        0.0000000011
     1     2    28     3        0.0000000001       -0.0000000001
     1     2    28     4        0.0000000000       -0.0000000000
     1     2    28     5       -0.0000000001        0.0000000002
 
     1     2    29     1        0.0000000001       -0.0000000001
     1     2    29     2        0.0000000000       -0.0000000000
     1     2    29     3        0.0000000001       -0.0000000001
     1     2    29     4        0.0000000000       -0.0000000000
     1     2    29     5       -0.0000000001        0.0000000002
 
     1     2    30     1       -0.0518176452        0.0731228652
     1     2    30     2       -0.0000675975        0.0000953907
     1     2    30     3        0.0001174052       -0.0001656772
     1     2    30     4       -0.0518161347        0.0731207337
     1     2    30     5       -0.0000151049        0.0000213155
 
     1     2    31     1        0.0000174783       -0.0000247558
     1     2    31     2       -0.0171012973        0.0242218227
     1     2    31     3       -0.0341872549        0.0484219186
     1     2    31     4       -0.0000526697        0.0000746000
     1     2    31     5        0.0531341122       -0.0752577434
 
     1     2    32     1        0.0000000000       -0.0000000000
     1     2    32     2        0.0000000000       -0.0000000001
     1     2    32     3        0.0000000000       -0.0000000000
     1     2    32     4        0.0000000000       -0.0000000000
     1     2    32     5       -0.0000000000        0.0000000000
 
     1     3     1     1        0.0000000000        0.0000000000
     1     3     1     2        0.0000000000        0.0000000000
     1     3     1     3       -0.0000000000       -0.0000000001
     1     3     1     4       -0.0000000000       -0.0000000000
     1     3     1     5        0.0000000000        0.0000000000
 
     1     3     2     1       -0.0000000000       -0.0000000000
     1     3     2     2        0.0000000001        0.0000000001
     1     3     2     3       -0.0000000000       -0.0000000000
     1     3     2     4       -0.0000000000       -0.0000000000
     1     3     2     5       -0.0000000000       -0.0000000000
 
     1     3     3     1        0.0000000000        0.0000000000
     1     3     3     2       -0.0000000000       -0.0000000000
     1     3     3     3        0.0000000000        0.0000000000
     1     3     3     4        0.0000000000        0.0000000000
     1     3     3     5       -0.0000000000       -0.0000000000
 
     1     3     4     1       -0.0023767834       -0.0028332697
     1     3     4     2        0.0030117112        0.0035901420
     1     3     4     3       -0.2812924239       -0.3353175930
     1     3     4     4       -0.5716692472       -0.6814643399
     1     3     4     5       -0.4354712069       -0.5191080332
 
     1     3     5     1       -0.4830799982       -0.5763151972
     1     3     5     2        0.4846293839        0.5781636169
     1     3     5     3       -0.0003185622       -0.0003800452
     1     3     5     4        0.0031629710        0.0037734293
     1     3     5     5        0.0034178527        0.0040775037
 
     1     3     6     1        0.0000000005        0.0000000006
     1     3     6     2        0.0000000002        0.0000000003
     1     3     6     3        0.0000000007        0.0000000008
     1     3     6     4        0.0000000002        0.0000000003
     1     3     6     5       -0.0000000004       -0.0000000005
 
     1     3     7     1       -0.0040392813       -0.0048166938
     1     3     7     2       -0.0040996692       -0.0048887042
     1     3     7     3       -0.2525189763       -0.3011195580
     1     3     7     4        0.2582016739        0.3078959651
     1     3     7     5       -0.3557757011       -0.4242493908
 
     1     3     8     1        0.0036951493        0.0043757359
     1     3     8     2        0.0072096494        0.0085375499
     1     3     8     3        0.4992629818        0.5912191246
     1     3     8     4        0.0083349267        0.0098700850
     1     3     8     5       -0.2760189209       -0.3268571288
 
     1     3     9     1        0.3931666794        0.4757653042
     1     3     9     2        0.3913097077        0.4735182096
     1     3     9     3       -0.0090650692       -0.0109695089
     1     3     9     4        0.0029617245        0.0035839399
     1     3     9     5        0.0004634988        0.0005608732
 
     1     3    10     1        0.0001353910        0.0001612412
     1     3    10     2       -0.0005342779       -0.0006362876
     1     3    10     3        0.0120564442        0.0143583819
     1     3    10     4        0.0072260069        0.0086056689
     1     3    10     5        0.0180377999        0.0214817582
 
     1     3    11     1       -0.0000000001       -0.0000000001
     1     3    11     2        0.0000000001        0.0000000001
     1     3    11     3       -0.0000000000       -0.0000000000
     1     3    11     4       -0.0000000001       -0.0000000001
     1     3    11     5        0.0000000002        0.0000000002
 
     1     3    12     1       -0.0000000002       -0.0000000003
     1     3    12     2        0.0000000002        0.0000000002
     1     3    12     3       -0.0000000000       -0.0000000000
     1     3    12     4        0.0000000000        0.0000000000
     1     3    12     5       -0.0000000001       -0.0000000001
 
     1     3    13     1        0.0773219683        0.0921807461
     1     3    13     2       -0.0770584775       -0.0918666209
     1     3    13     3       -0.0001920365       -0.0002289397
     1     3    13     4        0.0001557816        0.0001857178
     1     3    13     5        0.0000168004        0.0000200289
 
     1     3    14     1       -0.0000715846       -0.0000853140
     1     3    14     2        0.0000668725        0.0000796982
     1     3    14     3       -0.0540282438       -0.0643904714
     1     3    14     4       -0.0371381790       -0.0442610140
     1     3    14     5       -0.0839560531       -0.1000582188
 
     1     3    15     1       -0.0000000000       -0.0000000000
     1     3    15     2        0.0000000001        0.0000000001
     1     3    15     3       -0.0000000001       -0.0000000001
     1     3    15     4        0.0000000000        0.0000000000
     1     3    15     5        0.0000000000        0.0000000000
 
     1     3    16     1       -0.0004499984       -0.0005347551
     1     3    16     2        0.0000458165        0.0000544459
     1     3    16     3        0.0213789547        0.0254056615
     1     3    16     4        0.0645998861        0.0767672163
     1     3    16     5        0.0328153035        0.0389960362
 
     1     3    17     1        0.0000940026        0.0001115380
     1     3    17     2       -0.0000779584       -0.0000925008
     1     3    17     3       -0.0621333551       -0.0737237757
     1     3    17     4       -0.0000561709       -0.0000666491
     1     3    17     5        0.0322821038        0.0383040410
 
     1     3    18     1       -0.0000000001       -0.0000000001
     1     3    18     2        0.0000000000        0.0000000000
     1     3    18     3        0.0000000001        0.0000000001
     1     3    18     4       -0.0000000001       -0.0000000001
     1     3    18     5       -0.0000000000       -0.0000000000
 
     1     3    19     1        0.0000000001        0.0000000001
     1     3    19     2        0.0000000000        0.0000000000
     1     3    19     3       -0.0000000000       -0.0000000000
     1     3    19     4        0.0000000004        0.0000000005
     1     3    19     5       -0.0000000001       -0.0000000001
 
     1     3    20     1       -0.0000822454       -0.0000981162
     1     3    20     2        0.0000219937        0.0000262378
     1     3    20     3        0.0062137329        0.0074127837
     1     3    20     4       -0.0858722298       -0.1024428102
     1     3    20     5        0.0096709073        0.0115370816
 
     1     3    21     1        0.0000000001        0.0000000001
     1     3    21     2       -0.0000000002       -0.0000000002
     1     3    21     3        0.0000000000        0.0000000001
     1     3    21     4        0.0000000001        0.0000000001
     1     3    21     5       -0.0000000000       -0.0000000000
 
     1     3    22     1       -0.0440975437       -0.0525636733
     1     3    22     2        0.0440332269        0.0524870086
     1     3    22     3        0.0000013371        0.0000015938
     1     3    22     4        0.0000332395        0.0000396211
     1     3    22     5       -0.0001136850       -0.0001355110
 
     1     3    23     1        0.0000000000        0.0000000000
     1     3    23     2        0.0000000000        0.0000000000
     1     3    23     3        0.0000000000        0.0000000000
     1     3    23     4        0.0000000000        0.0000000000
     1     3    23     5       -0.0000000000       -0.0000000000
 
     1     3    24     1       -0.0000012012       -0.0000014335
     1     3    24     2        0.0000957963        0.0001143226
     1     3    24     3        0.0802173346        0.0957308024
     1     3    24     4       -0.0000406306       -0.0000484883
     1     3    24     5       -0.0415346492       -0.0495671579
 
     1     3    25     1       -0.0546868282       -0.0651239184
     1     3    25     2       -0.0545976459       -0.0650177155
     1     3    25     3        0.0001327791        0.0001581203
     1     3    25     4       -0.0000497240       -0.0000592139
     1     3    25     5       -0.0001366519       -0.0001627321
 
     1     3    26     1        0.0000000002        0.0000000002
     1     3    26     2        0.0000000002        0.0000000003
     1     3    26     3       -0.0000000000       -0.0000000000
     1     3    26     4        0.0000000000        0.0000000000
     1     3    26     5        0.0000000001        0.0000000001
 
     1     3    27     1        0.0000957285        0.0001110636
     1     3    27     2        0.0001181801        0.0001371118
     1     3    27     3       -0.0053735670       -0.0062343805
     1     3    27     4        0.0365197795        0.0423700311
     1     3    27     5       -0.0082812713       -0.0096078817
 
     1     3    28     1        0.0000000000        0.0000000000
     1     3    28     2       -0.0000000000       -0.0000000000
     1     3    28     3        0.0000000000        0.0000000000
     1     3    28     4        0.0000000001        0.0000000001
     1     3    28     5       -0.0000000000       -0.0000000000
 
     1     3    29     1       -0.0000000001       -0.0000000002
     1     3    29     2       -0.0000000001       -0.0000000002
     1     3    29     3        0.0000000001        0.0000000001
     1     3    29     4        0.0000000001        0.0000000001
     1     3    29     5        0.0000000002        0.0000000002
 
     1     3    30     1       -0.0575528241       -0.0687000100
     1     3    30     2       -0.0575510521       -0.0686978948
     1     3    30     3        0.0001304593        0.0001557274
     1     3    30     4       -0.0000749664       -0.0000894864
     1     3    30     5        0.0000167496        0.0000199937
 
     1     3    31     1       -0.0000194653       -0.0000231997
     1     3    31     2        0.0000587432        0.0000700128
     1     3    31     3        0.0380989774        0.0454080964
     1     3    31     4        0.0190582730        0.0227145177
     1     3    31     5        0.0592138987        0.0705738213
 
     1     3    32     1        0.0000000000        0.0000000000
     1     3    32     2        0.0000000000        0.0000000000
     1     3    32     3       -0.0000000000       -0.0000000000
     1     3    32     4       -0.0000000000       -0.0000000000
     1     3    32     5       -0.0000000000       -0.0000000000
 
     1     4     1     1       -0.0000000000       -0.0000000000
     1     4     1     2        0.0000000000        0.0000000001
     1     4     1     3       -0.0000000000       -0.0000000000
     1     4     1     4       -0.0000000000       -0.0000000000
     1     4     1     5        0.0000000000        0.0000000000
 
     1     4     2     1       -0.0000000000       -0.0000000000
     1     4     2     2        0.0000000000        0.0000000000
     1     4     2     3        0.0000000000        0.0000000000
     1     4     2     4       -0.0000000000       -0.0000000000
     1     4     2     5       -0.0000000000       -0.0000000000
 
     1     4     3     1        0.0000000000        0.0000000000
     1     4     3     2       -0.0000000000       -0.0000000000
     1     4     3     3       -0.0000000000       -0.0000000000
     1     4     3     4       -0.0000000000       -0.0000000000
     1     4     3     5        0.0000000000        0.0000000001
 
     1     4     4     1        0.5373490893        0.7068719765
     1     4     4     2       -0.0001440108       -0.0001894433
     1     4     4     3        0.4536217500        0.5967303368
     1     4     4     4       -0.0001435336       -0.0001888156
     1     4     4     5        0.0000014548        0.0000019138
 
     1     4     5     1       -0.0000730292       -0.0000961027
     1     4     5     2       -0.4557294324       -0.5997165174
     1     4     5     3       -0.0002765454       -0.0003639196
     1     4     5     4       -0.4557264996       -0.5997126579
     1     4     5     5        0.0000017717        0.0000023315
 
     1     4     6     1       -0.0000000001       -0.0000000001
     1     4     6     2        0.0000000002        0.0000000003
     1     4     6     3        0.0000000003        0.0000000003
     1     4     6     4        0.0000000002        0.0000000003
     1     4     6     5        0.0000000000        0.0000000000
 
     1     4     7     1       -0.2452654008       -0.3229324963
     1     4     7     2       -0.0001770710       -0.0002331432
     1     4     7     3        0.3768039006        0.4961247035
     1     4     7     4       -0.0001831873       -0.0002411963
     1     4     7     5        0.0000337516        0.0000444396
 
     1     4     8     1        0.0000128157        0.0000167520
     1     4     8     2       -0.0005448774       -0.0007122353
     1     4     8     3       -0.0000227934       -0.0000297943
     1     4     8     4        0.0005476210        0.0007158215
     1     4     8     5        0.5898156965        0.7709763121
 
     1     4     9     1       -0.0000023505       -0.0000030978
     1     4     9     2       -0.3722639383       -0.4906159229
     1     4     9     3        0.0000028223        0.0000037196
     1     4     9     4        0.3722673445        0.4906204120
     1     4     9     5       -0.0008532247       -0.0011244862
 
     1     4    10     1       -0.0063889352       -0.0083917833
     1     4    10     2       -0.0000536816       -0.0000705101
     1     4    10     3       -0.0202720689       -0.0266270990
     1     4    10     4       -0.0000541061       -0.0000710676
     1     4    10     5       -0.0000002498       -0.0000003282
 
     1     4    11     1        0.0000000001        0.0000000001
     1     4    11     2        0.0000000001        0.0000000001
     1     4    11     3       -0.0000000000       -0.0000000000
     1     4    11     4        0.0000000001        0.0000000001
     1     4    11     5        0.0000000001        0.0000000001
 
     1     4    12     1        0.0000000002        0.0000000002
     1     4    12     2        0.0000000000        0.0000000000
     1     4    12     3        0.0000000001        0.0000000001
     1     4    12     4       -0.0000000000       -0.0000000000
     1     4    12     5        0.0000000001        0.0000000001
 
     1     4    13     1       -0.0000193837       -0.0000255100
     1     4    13     2       -0.0726523232       -0.0956142363
     1     4    13     3       -0.0000136704       -0.0000179910
     1     4    13     4       -0.0726528942       -0.0956149879
     1     4    13     5       -0.0000000491       -0.0000000646
 
     1     4    14     1       -0.0351576698       -0.0462099543
     1     4    14     2       -0.0000793710       -0.0001043224
     1     4    14     3       -0.0872309556       -0.1146531752
     1     4    14     4       -0.0000793108       -0.0001042433
     1     4    14     5        0.0000003912        0.0000005142
 
     1     4    15     1       -0.0000000000       -0.0000000000
     1     4    15     2        0.0000000001        0.0000000001
     1     4    15     3       -0.0000000000       -0.0000000000
     1     4    15     4       -0.0000000001       -0.0000000001
     1     4    15     5       -0.0000000001       -0.0000000001
 
     1     4    16     1       -0.0644505184       -0.0771796532
     1     4    16     2       -0.0000198735       -0.0000237985
     1     4    16     3       -0.0355075112       -0.0425203314
     1     4    16     4       -0.0000201352       -0.0000241119
     1     4    16     5       -0.0000004262       -0.0000005104
 
     1     4    17     1       -0.0000000195       -0.0000000256
     1     4    17     2       -0.0000319405       -0.0000420397
     1     4    17     3       -0.0000002369       -0.0000003118
     1     4    17     4        0.0000320478        0.0000421809
     1     4    17     5        0.0721429767        0.0949536430
 
     1     4    18     1       -0.0000000000       -0.0000000000
     1     4    18     2       -0.0000000000       -0.0000000000
     1     4    18     3       -0.0000000000       -0.0000000000
     1     4    18     4       -0.0000000001       -0.0000000001
     1     4    18     5       -0.0000000001       -0.0000000001
 
     1     4    19     1       -0.0000000007       -0.0000000009
     1     4    19     2       -0.0000000000       -0.0000000000
     1     4    19     3        0.0000000001        0.0000000001
     1     4    19     4        0.0000000000        0.0000000000
     1     4    19     5        0.0000000000        0.0000000000
 
     1     4    20     1        0.0806894972        0.1064092692
     1     4    20     2       -0.0000134252       -0.0000177044
     1     4    20     3       -0.0102683043       -0.0135413256
     1     4    20     4       -0.0000135299       -0.0000178426
     1     4    20     5        0.0000000366        0.0000000482
 
     1     4    21     1       -0.0000000000       -0.0000000000
     1     4    21     2        0.0000000000        0.0000000001
     1     4    21     3        0.0000000000        0.0000000000
     1     4    21     4       -0.0000000001       -0.0000000001
     1     4    21     5        0.0000000000        0.0000000000
 
     1     4    22     1        0.0000266417        0.0000350747
     1     4    22     2       -0.0414487771       -0.0545687183
     1     4    22     3        0.0000085076        0.0000112006
     1     4    22     4       -0.0414488833       -0.0545688580
     1     4    22     5       -0.0000000352       -0.0000000464
 
     1     4    23     1        0.0000000000        0.0000000000
     1     4    23     2        0.0000000001        0.0000000001
     1     4    23     3       -0.0000000000       -0.0000000000
     1     4    23     4        0.0000000000        0.0000000001
     1     4    23     5        0.0000000001        0.0000000002
 
     1     4    24     1       -0.0000000355       -0.0000000467
     1     4    24     2        0.0000034956        0.0000046024
     1     4    24     3       -0.0000001065       -0.0000001402
     1     4    24     4       -0.0000034439       -0.0000045344
     1     4    24     5        0.0931245296        0.1226122287
 
     1     4    25     1        0.0000000645        0.0000000849
     1     4    25     2        0.0513870859        0.0676252504
     1     4    25     3        0.0000000858        0.0000001129
     1     4    25     4       -0.0513872262       -0.0676254350
     1     4    25     5       -0.0000023972       -0.0000031547
 
     1     4    26     1       -0.0000000000       -0.0000000000
     1     4    26     2        0.0000000002        0.0000000003
     1     4    26     3       -0.0000000001       -0.0000000001
     1     4    26     4       -0.0000000002       -0.0000000003
     1     4    26     5        0.0000000001        0.0000000001
 
     1     4    27     1        0.0337971743        0.0444944379
     1     4    27     2       -0.0000095794       -0.0000126114
     1     4    27     3       -0.0085376487       -0.0112399302
     1     4    27     4       -0.0000097802       -0.0000128757
     1     4    27     5       -0.0000000837       -0.0000001102
 
     1     4    28     1       -0.0000000001       -0.0000000002
     1     4    28     2        0.0000000001        0.0000000001
     1     4    28     3       -0.0000000000       -0.0000000000
     1     4    28     4       -0.0000000000       -0.0000000001
     1     4    28     5       -0.0000000000       -0.0000000000
 
     1     4    29     1        0.0000000001        0.0000000001
     1     4    29     2        0.0000000001        0.0000000001
     1     4    29     3        0.0000000000        0.0000000000
     1     4    29     4       -0.0000000000       -0.0000000000
     1     4    29     5        0.0000000000        0.0000000000
 
     1     4    30     1       -0.0000001138       -0.0000001498
     1     4    30     2       -0.0541337924       -0.0712396513
     1     4    30     3       -0.0000000308       -0.0000000405
     1     4    30     4        0.0541338763        0.0712397617
     1     4    30     5       -0.0000337066       -0.0000443577
 
     1     4    31     1        0.0179769085        0.0236727418
     1     4    31     2       -0.0000234157       -0.0000308348
     1     4    31     3        0.0613373999        0.0807716425
     1     4    31     4       -0.0000233181       -0.0000307062
     1     4    31     5       -0.0000000848       -0.0000001117
 
     1     4    32     1       -0.0000000000       -0.0000000000
     1     4    32     2       -0.0000000000       -0.0000000000
     1     4    32     3        0.0000000000        0.0000000000
     1     4    32     4        0.0000000000        0.0000000000
     1     4    32     5       -0.0000000000       -0.0000000000
 
     1     5     1     1        0.0000000000       -0.0000000000
     1     5     1     2       -0.0000000000        0.0000000000
     1     5     1     3       -0.0000000000        0.0000000000
     1     5     1     4        0.0000000000       -0.0000000000
     1     5     1     5        0.0000000001       -0.0000000000
 
     1     5     2     1       -0.0000000000        0.0000000000
     1     5     2     2        0.0000000000       -0.0000000000
     1     5     2     3        0.0000000000       -0.0000000000
     1     5     2     4       -0.0000000000        0.0000000000
     1     5     2     5       -0.0000000000        0.0000000000
 
     1     5     3     1        0.0000000000       -0.0000000000
     1     5     3     2       -0.0000000001        0.0000000000
     1     5     3     3        0.0000000000       -0.0000000000
     1     5     3     4        0.0000000001       -0.0000000000
     1     5     3     5       -0.0000000000        0.0000000000
 
     1     5     4     1        0.8044848596       -0.3779094618
     1     5     4     2        0.0000592955       -0.0000278543
     1     5     4     3       -0.6772421701        0.3181367815
     1     5     4     4        0.0000656244       -0.0000308273
     1     5     4     5       -0.0000022444        0.0000010543
 
     1     5     5     1       -0.0000036434        0.0000017148
     1     5     5     2       -0.6816060917        0.3208102031
     1     5     5     3        0.0000032466       -0.0000015281
     1     5     5     4        0.6816017665       -0.3208081673
     1     5     5     5        0.0004350267       -0.0002047532
 
     1     5     6     1        0.0000000003       -0.0000000002
     1     5     6     2        0.0000000004       -0.0000000002
     1     5     6     3        0.0000000004       -0.0000000002
     1     5     6     4        0.0000000008       -0.0000000004
     1     5     6     5       -0.0000000013        0.0000000006
 
     1     5     7     1       -0.3650719665        0.1719302322
     1     5     7     2       -0.0005697863        0.0002683402
     1     5     7     3       -0.5653001560        0.2662274730
     1     5     7     4       -0.0005695030        0.0002682068
     1     5     7     5       -0.0000435649        0.0000205168
 
     1     5     8     1       -0.0000160571        0.0000075205
     1     5     8     2        0.0003328897       -0.0001559121
     1     5     8     3       -0.0000296640        0.0000138934
     1     5     8     4       -0.0003440241        0.0001611270
     1     5     8     5        0.8790960165       -0.4117330044
 
     1     5     9     1       -0.0004038735        0.0001901713
     1     5     9     2        0.5571217160       -0.2623311256
     1     5     9     3       -0.0005301328        0.0002496229
     1     5     9     4        0.5571267443       -0.2623334932
     1     5     9     5        0.0000086999       -0.0000040965
 
     1     5    10     1        0.0082938055       -0.0039314882
     1     5    10     2       -0.0001477648        0.0000700445
     1     5    10     3       -0.0271172250        0.0128542983
     1     5    10     4       -0.0001471354        0.0000697462
     1     5    10     5       -0.0000004596        0.0000002179
 
     1     5    11     1       -0.0000000001        0.0000000000
     1     5    11     2       -0.0000000001        0.0000000001
     1     5    11     3       -0.0000000001        0.0000000001
     1     5    11     4        0.0000000002       -0.0000000001
     1     5    11     5        0.0000000000       -0.0000000000
 
     1     5    12     1        0.0000000001       -0.0000000000
     1     5    12     2       -0.0000000002        0.0000000001
     1     5    12     3       -0.0000000001        0.0000000000
     1     5    12     4        0.0000000001       -0.0000000000
     1     5    12     5        0.0000000001       -0.0000000000
 
     1     5    13     1       -0.0000001284        0.0000000604
     1     5    13     2        0.1082385452       -0.0509497793
     1     5    13     3       -0.0000000233        0.0000000110
     1     5    13     4       -0.1082394067        0.0509501848
     1     5    13     5       -0.0000702635        0.0000330743
 
     1     5    14     1        0.0526721901       -0.0248153514
     1     5    14     2       -0.0000862417        0.0000406309
     1     5    14     3       -0.1299955648        0.0612445697
     1     5    14     4       -0.0000861661        0.0000405953
     1     5    14     5        0.0000005797       -0.0000002731
 
     1     5    15     1        0.0000000001       -0.0000000001
     1     5    15     2       -0.0000000000        0.0000000000
     1     5    15     3       -0.0000000000        0.0000000000
     1     5    15     4        0.0000000000       -0.0000000000
     1     5    15     5       -0.0000000001        0.0000000000
 
     1     5    16     1        0.0905786318       -0.0422570132
     1     5    16     2       -0.0000434790        0.0000202839
     1     5    16     3       -0.0501979120        0.0234184795
     1     5    16     4       -0.0000440023        0.0000205281
     1     5    16     5       -0.0000006052        0.0000002823
 
     1     5    17     1        0.0000000510       -0.0000000240
     1     5    17     2        0.0000186476       -0.0000087760
     1     5    17     3       -0.0000003555        0.0000001673
     1     5    17     4       -0.0000186988        0.0000088001
     1     5    17     5        0.1075688516       -0.0506244412
 
     1     5    18     1        0.0000000000       -0.0000000000
     1     5    18     2        0.0000000000       -0.0000000000
     1     5    18     3       -0.0000000000        0.0000000000
     1     5    18     4       -0.0000000000        0.0000000000
     1     5    18     5        0.0000000001       -0.0000000000
 
     1     5    19     1       -0.0000000006        0.0000000003
     1     5    19     2        0.0000000001       -0.0000000000
     1     5    19     3        0.0000000000       -0.0000000000
     1     5    19     4       -0.0000000001        0.0000000000
     1     5    19     5       -0.0000000000        0.0000000000
 
     1     5    20     1        0.1210735284       -0.0571462316
     1     5    20     2       -0.0000949818        0.0000448310
     1     5    20     3        0.0148017344       -0.0069863607
     1     5    20     4       -0.0000949858        0.0000448329
     1     5    20     5       -0.0000000356        0.0000000168
 
     1     5    21     1       -0.0000000001        0.0000000001
     1     5    21     2       -0.0000000001        0.0000000001
     1     5    21     3        0.0000000000       -0.0000000000
     1     5    21     4        0.0000000002       -0.0000000001
     1     5    21     5       -0.0000000001        0.0000000001
 
     1     5    22     1        0.0000000015       -0.0000000007
     1     5    22     2        0.0619609354       -0.0291676235
     1     5    22     3        0.0000000875       -0.0000000412
     1     5    22     4       -0.0619610633        0.0291676837
     1     5    22     5       -0.0000207253        0.0000097563
 
     1     5    23     1       -0.0000000000        0.0000000000
     1     5    23     2       -0.0000000001        0.0000000000
     1     5    23     3       -0.0000000000        0.0000000000
     1     5    23     4        0.0000000002       -0.0000000001
     1     5    23     5       -0.0000000000        0.0000000000
 
     1     5    24     1        0.0000000573       -0.0000000270
     1     5    24     2        0.0000085714       -0.0000040360
     1     5    24     3       -0.0000001626        0.0000000766
     1     5    24     4       -0.0000087131        0.0000041026
     1     5    24     5        0.1394176663       -0.0656462916
 
     1     5    25     1       -0.0000380032        0.0000178787
     1     5    25     2        0.0770610102       -0.0362535342
     1     5    25     3        0.0000397242       -0.0000186883
     1     5    25     4        0.0770612298       -0.0362536375
     1     5    25     5        0.0000001994       -0.0000000938
 
     1     5    26     1        0.0000000000       -0.0000000000
     1     5    26     2        0.0000000004       -0.0000000002
     1     5    26     3        0.0000000000       -0.0000000000
     1     5    26     4        0.0000000003       -0.0000000001
     1     5    26     5       -0.0000000000        0.0000000000
 
     1     5    27     1       -0.0508136546        0.0238834200
     1     5    27     2        0.0001017345       -0.0000478172
     1     5    27     3       -0.0126119803        0.0059278795
     1     5    27     4        0.0001018188       -0.0000478568
     1     5    27     5       -0.0000001250        0.0000000588
 
     1     5    28     1        0.0000000003       -0.0000000002
     1     5    28     2        0.0000000000       -0.0000000000
     1     5    28     3        0.0000000001       -0.0000000001
     1     5    28     4       -0.0000000000        0.0000000000
     1     5    28     5        0.0000000000       -0.0000000000
 
     1     5    29     1       -0.0000000001        0.0000000001
     1     5    29     2       -0.0000000003        0.0000000002
     1     5    29     3        0.0000000005       -0.0000000002
     1     5    29     4       -0.0000000003        0.0000000002
     1     5    29     5        0.0000000000       -0.0000000000
 
     1     5    30     1        0.0000936046       -0.0000437600
     1     5    30     2       -0.0812000954        0.0379608821
     1     5    30     3       -0.0000967331        0.0000452225
     1     5    30     4       -0.0812002234        0.0379609420
     1     5    30     5       -0.0000000981        0.0000000458
 
     1     5    31     1       -0.0270679322        0.0127558336
     1     5    31     2       -0.0000810484        0.0000381943
     1     5    31     3        0.0918237847       -0.0432721977
     1     5    31     4       -0.0000809994        0.0000381712
     1     5    31     5       -0.0000001279        0.0000000603
 
     1     5    32     1       -0.0000000000        0.0000000000
     1     5    32     2       -0.0000000000        0.0000000000
     1     5    32     3        0.0000000000       -0.0000000000
     1     5    32     4       -0.0000000000        0.0000000000
     1     5    32     5       -0.0000000000        0.0000000000
 
     1     6     1     1       -0.0000000000        0.0000000000
     1     6     1     2        0.0000000000       -0.0000000000
     1     6     1     3       -0.0000000000        0.0000000000
     1     6     1     4       -0.0000000000        0.0000000000
     1     6     1     5        0.0000000000       -0.0000000000
 
     1     6     2     1        0.0000000000       -0.0000000000
     1     6     2     2       -0.0000000000        0.0000000001
     1     6     2     3        0.0000000000       -0.0000000000
     1     6     2     4        0.0000000000       -0.0000000000
     1     6     2     5        0.0000000000       -0.0000000000
 
     1     6     3     1       -0.0000000000        0.0000000000
     1     6     3     2       -0.0000000000        0.0000000000
     1     6     3     3        0.0000000000       -0.0000000001
     1     6     3     4        0.0000000000       -0.0000000000
     1     6     3     5       -0.0000000000        0.0000000001
 
     1     6     4     1       -0.0006776517        0.0038255594
     1     6     4     2       -0.0008754245        0.0049420495
     1     6     4     3       -0.0763421646        0.4309757791
     1     6     4     4        0.1551430966       -0.8758320820
     1     6     4     5       -0.1181867409        0.6672017101
 
     1     6     5     1        0.1313282114       -0.7404701546
     1     6     5     2        0.1317491581       -0.7428435860
     1     6     5     3        0.0001095523       -0.0006176909
     1     6     5     4        0.0008869972       -0.0050011718
     1     6     5     5       -0.0010405697        0.0058670622
 
     1     6     6     1       -0.0000000000        0.0000000001
     1     6     6     2       -0.0000000001        0.0000000005
     1     6     6     3        0.0000000000       -0.0000000000
     1     6     6     4        0.0000000000       -0.0000000000
     1     6     6     5        0.0000000001       -0.0000000008
 
     1     6     7     1       -0.0012517567        0.0070543058
     1     6     7     2        0.0011722126       -0.0066060332
     1     6     7     3       -0.0686387802        0.3868155395
     1     6     7     4       -0.0702065029        0.3956504796
     1     6     7     5       -0.0967506761        0.5452408227
 
     1     6     8     1        0.0007789914       -0.0043596482
     1     6     8     2       -0.0018785838        0.0105135490
     1     6     8     3        0.1361280169       -0.7618444369
     1     6     8     4       -0.0022611064        0.0126543480
     1     6     8     5       -0.0752340507        0.4210495700
 
     1     6     9     1        0.0707795545       -0.6131078029
     1     6     9     2       -0.0704457744        0.6102165274
     1     6     9     3       -0.0015436685        0.0133715898
     1     6     9     4       -0.0005851308        0.0050685299
     1     6     9     5       -0.0000443709        0.0003843504
 
     1     6    10     1        0.0000499549       -0.0002805738
     1     6    10     2        0.0001015623       -0.0005704281
     1     6    10     3        0.0032639446       -0.0183320633
     1     6    10     4       -0.0019671941        0.0110488169
     1     6    10     5        0.0048821846       -0.0274209668
 
     1     6    11     1       -0.0000000000        0.0000000000
     1     6    11     2       -0.0000000000        0.0000000000
     1     6    11     3        0.0000000000       -0.0000000000
     1     6    11     4       -0.0000000000        0.0000000000
     1     6    11     5        0.0000000000       -0.0000000001
 
     1     6    12     1       -0.0000000000        0.0000000001
     1     6    12     2       -0.0000000000        0.0000000001
     1     6    12     3       -0.0000000000        0.0000000000
     1     6    12     4       -0.0000000000        0.0000000001
     1     6    12     5       -0.0000000000        0.0000000000
 
     1     6    13     1       -0.0210441921        0.1183778818
     1     6    13     2       -0.0209721604        0.1179726886
     1     6    13     3        0.0000416257       -0.0002341528
     1     6    13     4        0.0000374046       -0.0002104086
     1     6    13     5        0.0000028191       -0.0000158578
 
     1     6    14     1        0.0000112158       -0.0000631123
     1     6    14     2       -0.0000226335        0.0001273603
     1     6    14     3        0.0147002996       -0.0827196867
     1     6    14     4       -0.0101160395        0.0569237118
     1     6    14     5        0.0228445967       -0.1285482564
 
     1     6    15     1        0.0000000000       -0.0000000001
     1     6    15     2       -0.0000000000        0.0000000001
     1     6    15     3        0.0000000000       -0.0000000000
     1     6    15     4       -0.0000000000        0.0000000001
     1     6    15     5       -0.0000000000        0.0000000001
 
     1     6    16     1       -0.0001254110        0.0006697499
     1     6    16     2       -0.0000276463        0.0001476435
     1     6    16     3        0.0061117047       -0.0326391835
     1     6    16     4       -0.0184849101        0.0987175264
     1     6    16     5        0.0093810764       -0.0500990620
 
     1     6    17     1        0.0000391317       -0.0002198744
     1     6    17     2        0.0000165120       -0.0000927781
     1     6    17     3       -0.0168866569        0.0948832044
     1     6    17     4        0.0000159927       -0.0000898601
     1     6    17     5        0.0087724539       -0.0492909015
 
     1     6    18     1       -0.0000000000        0.0000000000
     1     6    18     2       -0.0000000000        0.0000000001
     1     6    18     3        0.0000000000       -0.0000000001
     1     6    18     4        0.0000000000       -0.0000000000
     1     6    18     5       -0.0000000000        0.0000000000
 
     1     6    19     1        0.0000000000       -0.0000000000
     1     6    19     2       -0.0000000000        0.0000000000
     1     6    19     3        0.0000000000       -0.0000000000
     1     6    19     4        0.0000000000       -0.0000000000
     1     6    19     5        0.0000000000       -0.0000000001
 
     1     6    20     1       -0.0000442544        0.0002488415
     1     6    20     2        0.0000072377       -0.0000406976
     1     6    20     3        0.0016916327       -0.0095120111
     1     6    20     4        0.0234199201       -0.1316896605
     1     6    20     5        0.0026321553       -0.0148005476
 
     1     6    21     1       -0.0000000000        0.0000000003
     1     6    21     2        0.0000000000       -0.0000000001
     1     6    21     3       -0.0000000000        0.0000000000
     1     6    21     4        0.0000000000       -0.0000000001
     1     6    21     5       -0.0000000000        0.0000000001
 
     1     6    22     1        0.0119930935       -0.0674641329
     1     6    22     2        0.0119741160       -0.0673573793
     1     6    22     3        0.0000065410       -0.0000367946
     1     6    22     4        0.0000008992       -0.0000050582
     1     6    22     5        0.0000312572       -0.0001758293
 
     1     6    23     1        0.0000000000       -0.0000000001
     1     6    23     2       -0.0000000000        0.0000000001
     1     6    23     3        0.0000000001       -0.0000000005
     1     6    23     4       -0.0000000000        0.0000000001
     1     6    23     5       -0.0000000000        0.0000000003
 
     1     6    24     1       -0.0000007513        0.0000042137
     1     6    24     2       -0.0000294196        0.0001650045
     1     6    24     3        0.0219254687       -0.1229723575
     1     6    24     4        0.0000112121       -0.0000628847
     1     6    24     5       -0.0113534343        0.0636774795
 
     1     6    25     1        0.0148456795       -0.0838341844
     1     6    25     2       -0.0148239823        0.0837116597
     1     6    25     3       -0.0000323547        0.0001827084
     1     6    25     4       -0.0000222616        0.0001257124
     1     6    25     5        0.0000444627       -0.0002510826
 
     1     6    26     1        0.0000000001       -0.0000000004
     1     6    26     2       -0.0000000001        0.0000000003
     1     6    26     3        0.0000000000       -0.0000000000
     1     6    26     4        0.0000000000       -0.0000000000
     1     6    26     5       -0.0000000000        0.0000000002
 
     1     6    27     1        0.0000456423       -0.0002630567
     1     6    27     2       -0.0000481360        0.0002774292
     1     6    27     3       -0.0014068624        0.0081083758
     1     6    27     4       -0.0095741975        0.0551803723
     1     6    27     5       -0.0021680860        0.0124956473
 
     1     6    28     1       -0.0000000000        0.0000000000
     1     6    28     2        0.0000000000       -0.0000000000
     1     6    28     3        0.0000000000       -0.0000000000
     1     6    28     4       -0.0000000001        0.0000000004
     1     6    28     5       -0.0000000000        0.0000000000
 
     1     6    29     1        0.0000000000       -0.0000000002
     1     6    29     2       -0.0000000000        0.0000000001
     1     6    29     3        0.0000000000       -0.0000000000
     1     6    29     4       -0.0000000000        0.0000000001
     1     6    29     5        0.0000000000       -0.0000000000
 
     1     6    30     1       -0.0157152468        0.0882669010
     1     6    30     2        0.0157145372       -0.0882629156
     1     6    30     3        0.0000164720       -0.0000925172
     1     6    30     4        0.0000384658       -0.0002160488
     1     6    30     5       -0.0000080027        0.0000449480
 
     1     6    31     1       -0.0000134040        0.0000754861
     1     6    31     2        0.0000063230       -0.0000356084
     1     6    31     3        0.0103584825       -0.0583348703
     1     6    31     4       -0.0051754302        0.0291459727
     1     6    31     5        0.0160998714       -0.0906680980
 
     1     6    32     1        0.0000000000       -0.0000000000
     1     6    32     2       -0.0000000000        0.0000000000
     1     6    32     3       -0.0000000000        0.0000000000
     1     6    32     4        0.0000000000       -0.0000000001
     1     6    32     5       -0.0000000000        0.0000000001
 
     1     7     1     1        0.0000000000       -0.0000000000
     1     7     1     2       -0.0000000000        0.0000000000
     1     7     1     3        0.0000000000       -0.0000000000
     1     7     1     4        0.0000000000       -0.0000000000
     1     7     1     5        0.0000000000       -0.0000000000
 
     1     7     2     1       -0.0000000000        0.0000000000
     1     7     2     2       -0.0000000000        0.0000000000
     1     7     2     3        0.0000000000       -0.0000000000
     1     7     2     4        0.0000000000       -0.0000000000
     1     7     2     5       -0.0000000000        0.0000000000
 
     1     7     3     1        0.0000000000       -0.0000000000
     1     7     3     2       -0.0000000000        0.0000000000
     1     7     3     3       -0.0000000000        0.0000000000
     1     7     3     4        0.0000000000       -0.0000000000
     1     7     3     5        0.0000000000       -0.0000000000
 
     1     7     4     1       -0.0026044836        0.0028880056
     1     7     4     2        0.5956899997       -0.6605363232
     1     7     4     3       -0.2931213644        0.3250303151
     1     7     4     4       -0.0033632808        0.0037294047
     1     7     4     5        0.4537894680       -0.5031886163
 
     1     7     5     1        0.5035353750       -0.5585685926
     1     7     5     2        0.0034035274       -0.0037755113
     1     7     5     3        0.0004170821       -0.0004626666
     1     7     5     4        0.5051461225       -0.5603553846
     1     7     5     5        0.0039909645       -0.0044271516
 
     1     7     6     1        0.0000000003       -0.0000000003
     1     7     6     2        0.0000000000       -0.0000000000
     1     7     6     3        0.0000000005       -0.0000000006
     1     7     6     4       -0.0000000003        0.0000000004
     1     7     6     5        0.0000000002       -0.0000000002
 
     1     7     7     1       -0.0047926532        0.0053191419
     1     7     7     2       -0.2689764943        0.2985244470
     1     7     7     3       -0.2629466720        0.2918322289
     1     7     7     4        0.0044874706       -0.0049804340
     1     7     7     5        0.3706941947       -0.4114161714
 
     1     7     8     1        0.0030044884       -0.0032649561
     1     7     8     2       -0.0086915051        0.0094449965
     1     7     8     3        0.5240649736       -0.5694976609
     1     7     8     4       -0.0072345081        0.0078616883
     1     7     8     5        0.2896065385       -0.3147133553
 
     1     7     9     1       -0.4120484309        0.4594817343
     1     7     9     2        0.0034038796       -0.0037957200
     1     7     9     3        0.0089896410       -0.0100244911
     1     7     9     4        0.4101090470       -0.4573190965
     1     7     9     5       -0.0002532722        0.0002824279
 
     1     7    10     1        0.0001746902       -0.0002261022
     1     7    10     2       -0.0068626987        0.0088824198
     1     7    10     3        0.0113826823       -0.0147326535
     1     7    10     4        0.0003542255       -0.0004584756
     1     7    10     5       -0.0170265133        0.0220374876
 
     1     7    11     1       -0.0000000001        0.0000000001
     1     7    11     2       -0.0000000002        0.0000000002
     1     7    11     3        0.0000000001       -0.0000000001
     1     7    11     4       -0.0000000001        0.0000000001
     1     7    11     5        0.0000000000       -0.0000000000
 
     1     7    12     1       -0.0000000001        0.0000000001
     1     7    12     2        0.0000000000       -0.0000000000
     1     7    12     3       -0.0000000001        0.0000000001
     1     7    12     4       -0.0000000001        0.0000000001
     1     7    12     5        0.0000000000       -0.0000000000
 
     1     7    13     1        0.0805098488       -0.0892986566
     1     7    13     2       -0.0001431984        0.0001588306
     1     7    13     3       -0.0001592281        0.0001766101
     1     7    13     4        0.0802349049       -0.0889936987
     1     7    13     5        0.0000108408       -0.0000120242
 
     1     7    14     1        0.0000429120       -0.0000475990
     1     7    14     2       -0.0387125683        0.0429409125
     1     7    14     3        0.0562566482       -0.0624012281
     1     7    14     4       -0.0000865532        0.0000960069
     1     7    14     5       -0.0874233818        0.0969721191
 
     1     7    15     1        0.0000000000       -0.0000000000
     1     7    15     2       -0.0000000000        0.0000000000
     1     7    15     3       -0.0000000000        0.0000000000
     1     7    15     4       -0.0000000000        0.0000000000
     1     7    15     5        0.0000000000       -0.0000000000
 
     1     7    16     1       -0.0004573654        0.0005052008
     1     7    16     2       -0.0674046288        0.0744544171
     1     7    16     3        0.0222864191       -0.0246173352
     1     7    16     4       -0.0001011442        0.0001117228
     1     7    16     5       -0.0342089832        0.0377868694
 
     1     7    17     1        0.0001495065       -0.0001657194
     1     7    17     2        0.0000611654       -0.0000677983
     1     7    17     3       -0.0645563150        0.0715569808
     1     7    17     4        0.0000630885       -0.0000699300
     1     7    17     5       -0.0335360571        0.0371728001
 
     1     7    18     1       -0.0000000001        0.0000000001
     1     7    18     2       -0.0000000000        0.0000000001
     1     7    18     3       -0.0000000000        0.0000000000
     1     7    18     4       -0.0000000000        0.0000000000
     1     7    18     5       -0.0000000000        0.0000000000
 
     1     7    19     1       -0.0000000001        0.0000000001
     1     7    19     2        0.0000000007       -0.0000000008
     1     7    19     3        0.0000000001       -0.0000000001
     1     7    19     4       -0.0000000001        0.0000000002
     1     7    19     5       -0.0000000001        0.0000000001
 
     1     7    20     1        0.0001683627       -0.0001884058
     1     7    20     2       -0.0891257299        0.0997358947
     1     7    20     3       -0.0064376236        0.0072040044
     1     7    20     4       -0.0000274775        0.0000307487
     1     7    20     5        0.0100167798       -0.0112092490
 
     1     7    21     1        0.0000000000       -0.0000000000
     1     7    21     2        0.0000000001       -0.0000000001
     1     7    21     3       -0.0000000000        0.0000000000
     1     7    21     4       -0.0000000001        0.0000000001
     1     7    21     5        0.0000000001       -0.0000000001
 
     1     7    22     1       -0.0522009634        0.0443880171
     1     7    22     2       -0.0000039264        0.0000033387
     1     7    22     3       -0.0000285458        0.0000242733
     1     7    22     4       -0.0521184933        0.0443178904
     1     7    22     5        0.0001360819       -0.0001157145
 
     1     7    23     1        0.0000000001       -0.0000000001
     1     7    23     2       -0.0000000000        0.0000000000
     1     7    23     3        0.0000000001       -0.0000000001
     1     7    23     4        0.0000000000       -0.0000000000
     1     7    23     5        0.0000000000       -0.0000000000
 
     1     7    24     1       -0.0000027669        0.0000030689
     1     7    24     2        0.0000427336       -0.0000473975
     1     7    24     3        0.0836433536       -0.0927722060
     1     7    24     4       -0.0001122801        0.0001245344
     1     7    24     5        0.0433120131       -0.0480390949
 
     1     7    25     1        0.0570422146       -0.0632041030
     1     7    25     2       -0.0000854683        0.0000947009
     1     7    25     3       -0.0001245111        0.0001379612
     1     7    25     4       -0.0569590046        0.0631119043
     1     7    25     5       -0.0001708270        0.0001892803
 
     1     7    26     1        0.0000000003       -0.0000000003
     1     7    26     2        0.0000000000       -0.0000000000
     1     7    26     3        0.0000000002       -0.0000000002
     1     7    26     4       -0.0000000003        0.0000000003
     1     7    26     5        0.0000000001       -0.0000000001
 
     1     7    27     1       -0.0001785820        0.0001981894
     1     7    27     2        0.0374898454       -0.0416060499
     1     7    27     3        0.0055088135       -0.0061136547
     1     7    27     4        0.0001884140       -0.0002091009
     1     7    27     5       -0.0084896732        0.0094217984
 
     1     7    28     1       -0.0000000000        0.0000000000
     1     7    28     2       -0.0000000006        0.0000000006
     1     7    28     3       -0.0000000001        0.0000000001
     1     7    28     4        0.0000000000       -0.0000000000
     1     7    28     5        0.0000000001       -0.0000000001
 
     1     7    29     1       -0.0000000000        0.0000000001
     1     7    29     2        0.0000000001       -0.0000000001
     1     7    29     3       -0.0000000001        0.0000000001
     1     7    29     4        0.0000000001       -0.0000000001
     1     7    29     5        0.0000000001       -0.0000000001
 
     1     7    30     1        0.0600258460       -0.0665953000
     1     7    30     2       -0.0001467921        0.0001628576
     1     7    30     3       -0.0000630001        0.0000698950
     1     7    30     4       -0.0600232265        0.0665923937
     1     7    30     5       -0.0000305629        0.0000339078
 
     1     7    31     1       -0.0000512963        0.0000569218
     1     7    31     2       -0.0198167137        0.0219899431
     1     7    31     3        0.0396630370       -0.0440127430
     1     7    31     4        0.0000241253       -0.0000267711
     1     7    31     5       -0.0616468853        0.0684074826
 
     1     7    32     1       -0.0000000000        0.0000000000
     1     7    32     2       -0.0000000000        0.0000000001
     1     7    32     3        0.0000000000       -0.0000000000
     1     7    32     4        0.0000000000       -0.0000000000
     1     7    32     5       -0.0000000000        0.0000000000
 
     1     8     1     1       -0.0000000000        0.0000000000
     1     8     1     2        0.0000000000       -0.0000000000
     1     8     1     3        0.0000000000       -0.0000000000
     1     8     1     4       -0.0000000000        0.0000000000
     1     8     1     5       -0.0000000000        0.0000000000
 
     1     8     2     1       -0.0000000000        0.0000000000
     1     8     2     2        0.0000000001       -0.0000000000
     1     8     2     3       -0.0000000000        0.0000000000
     1     8     2     4       -0.0000000001        0.0000000000
     1     8     2     5        0.0000000000       -0.0000000000
 
     1     8     3     1        0.0000000000       -0.0000000000
     1     8     3     2       -0.0000000000        0.0000000000
     1     8     3     3       -0.0000000000        0.0000000000
     1     8     3     4       -0.0000000000        0.0000000000
     1     8     3     5        0.0000000001       -0.0000000000
 
     1     8     4     1        0.0033256058       -0.0000621307
     1     8     4     2        0.0001158671       -0.0000021647
     1     8     4     3        0.9837779928       -0.0183794606
     1     8     4     4        0.0001147790       -0.0000021444
     1     8     4     5        0.0005608088       -0.0000104773
 
     1     8     5     1       -0.0000019480        0.0000000364
     1     8     5     2       -0.0001959618        0.0000036611
     1     8     5     3       -0.0005606442        0.0000104743
     1     8     5     4        0.0001936178       -0.0000036173
     1     8     5     5        0.9837131146       -0.0183782498
 
     1     8     6     1       -0.0002513344        0.0000046956
     1     8     6     2        0.6871552146       -0.0128377945
     1     8     6     3       -0.0000001775        0.0000000033
     1     8     6     4       -0.6863534586        0.0128228156
     1     8     6     5        0.0002785938       -0.0000052048
 
     1     8     7     1        0.1969962619       -0.0036803882
     1     8     7     2        0.6720366423       -0.0125553440
     1     8     7     3       -0.0008092219        0.0000151183
     1     8     7     4        0.6727496260       -0.0125686643
     1     8     7     5        0.0000013618       -0.0000000254
 
     1     8     8     1       -0.9509180709        0.0177655544
     1     8     8     2        0.1390056317       -0.0025969768
     1     8     8     3        0.0030935945       -0.0000577962
     1     8     8     4        0.1395162536       -0.0026065166
     1     8     8     5        0.0000001610       -0.0000000030
 
     1     8     9     1        0.0000000001       -0.0000000000
     1     8     9     2        0.0000000002       -0.0000000000
     1     8     9     3        0.0000000000       -0.0000000000
     1     8     9     4        0.0000000001       -0.0000000000
     1     8     9     5       -0.0000000001        0.0000000000
 
     1     8    10     1       -0.0000000003        0.0000000000
     1     8    10     2       -0.0000000002        0.0000000000
     1     8    10     3       -0.0000000002        0.0000000000
     1     8    10     4        0.0000000000       -0.0000000000
     1     8    10     5        0.0000000002       -0.0000000000
 
     1     8    11     1       -0.0000000002        0.0000000000
     1     8    11     2        0.0000000003       -0.0000000000
     1     8    11     3        0.0000000001       -0.0000000000
     1     8    11     4        0.0000000003       -0.0000000000
     1     8    11     5       -0.0000000001        0.0000000000
 
     1     8    12     1       -0.0014014647        0.0000261829
     1     8    12     2        0.0000044312       -0.0000000828
     1     8    12     3        0.1026614757       -0.0019179760
     1     8    12     4        0.0000048568       -0.0000000907
     1     8    12     5        0.0000751140       -0.0000014033
 
     1     8    13     1        0.0000010606       -0.0000000198
     1     8    13     2       -0.0000053239        0.0000000995
     1     8    13     3       -0.0000763473        0.0000014264
     1     8    13     4        0.0000060540       -0.0000001131
     1     8    13     5        0.1033666022       -0.0019311494
 
     1     8    14     1        0.0004660555       -0.0000087071
     1     8    14     2       -0.0001614444        0.0000030162
     1     8    14     3        0.0000342765       -0.0000006404
     1     8    14     4       -0.0001611850        0.0000030113
     1     8    14     5        0.0000004596       -0.0000000086
 
     1     8    15     1        0.0005883716       -0.0000109923
     1     8    15     2        0.0000598430       -0.0000011180
     1     8    15     3       -0.0004100132        0.0000076601
     1     8    15     4        0.0000602533       -0.0000011257
     1     8    15     5        0.0000006578       -0.0000000123
 
     1     8    16     1       -0.0000000001        0.0000000000
     1     8    16     2        0.0000000001       -0.0000000000
     1     8    16     3        0.0000000000       -0.0000000000
     1     8    16     4        0.0000000000       -0.0000000000
     1     8    16     5       -0.0000000001        0.0000000000
 
     1     8    17     1       -0.0000000073        0.0000000001
     1     8    17     2        0.0000000232       -0.0000000004
     1     8    17     3        0.0000000000       -0.0000000000
     1     8    17     4        0.0000000311       -0.0000000006
     1     8    17     5       -0.0000000001        0.0000000000
 
     1     8    18     1       -0.0118140241        0.0002207158
     1     8    18     2        0.1093997865       -0.0020438644
     1     8    18     3        0.0000203364       -0.0000003799
     1     8    18     4        0.1037160911       -0.0019376793
     1     8    18     5       -0.0000011039        0.0000000206
 
     1     8    19     1       -0.0003333380        0.0000062277
     1     8    19     2       -0.1036840706        0.0019371053
     1     8    19     3        0.0000004933       -0.0000000092
     1     8    19     4        0.1093680212       -0.0020432980
     1     8    19     5        0.0000387758       -0.0000007244
 
     1     8    20     1        0.1506186734       -0.0028139380
     1     8    20     2        0.0082272173       -0.0001537052
     1     8    20     3        0.0000354827       -0.0000006629
     1     8    20     4        0.0082524484       -0.0001541766
     1     8    20     5        0.0000000047       -0.0000000001
 
     1     8    21     1        0.0000000542       -0.0000000010
     1     8    21     2       -0.0000000163        0.0000000003
     1     8    21     3        0.0000000000       -0.0000000000
     1     8    21     4        0.0000000128       -0.0000000002
     1     8    21     5        0.0000000001       -0.0000000000
 
     1     8    22     1        0.0000000129       -0.0000000002
     1     8    22     2       -0.0000000124        0.0000000002
     1     8    22     3        0.0000000001       -0.0000000000
     1     8    22     4       -0.0000000184        0.0000000003
     1     8    22     5        0.0000000000       -0.0000000000
 
     1     8    23     1        0.0002443633       -0.0000045653
     1     8    23     2       -0.0001180413        0.0000022053
     1     8    23     3       -0.0000227948        0.0000004259
     1     8    23     4       -0.0001178190        0.0000022012
     1     8    23     5        0.0000000995       -0.0000000019
 
     1     8    24     1        0.0000000000       -0.0000000000
     1     8    24     2        0.0000000001       -0.0000000000
     1     8    24     3       -0.0000000001        0.0000000000
     1     8    24     4       -0.0000000001        0.0000000000
     1     8    24     5        0.0000000000       -0.0000000000
 
     1     8    25     1       -0.0000000001        0.0000000000
     1     8    25     2        0.0000000000       -0.0000000000
     1     8    25     3        0.0000000001       -0.0000000000
     1     8    25     4        0.0000000001       -0.0000000000
     1     8    25     5        0.0000000001       -0.0000000000
 
     1     8    26     1        0.0000000000       -0.0000000000
     1     8    26     2       -0.0000000001        0.0000000000
     1     8    26     3       -0.0000000000        0.0000000000
     1     8    26     4        0.0000000001       -0.0000000000
     1     8    26     5       -0.0000000000        0.0000000000
 
     1     8    27     1       -0.0000000001        0.0000000000
     1     8    27     2        0.0000000002       -0.0000000000
     1     8    27     3       -0.0000000000        0.0000000000
     1     8    27     4       -0.0000000001        0.0000000000
     1     8    27     5       -0.0000000000        0.0000000000
 
     1     8    28     1        0.0000000000       -0.0000000000
     1     8    28     2       -0.0000000000        0.0000000000
     1     8    28     3        0.0000000000       -0.0000000000
     1     8    28     4        0.0000000001       -0.0000000000
     1     8    28     5        0.0000000000       -0.0000000000
 
     1     8    29     1       -0.0000000000        0.0000000000
     1     8    29     2       -0.0000000000        0.0000000000
     1     8    29     3        0.0000000000       -0.0000000000
     1     8    29     4       -0.0000000000        0.0000000000
     1     8    29     5       -0.0000000001        0.0000000000
 
     1     8    30     1       -0.0000001285        0.0000000024
     1     8    30     2       -0.0000549047        0.0000010258
     1     8    30     3        0.0000001153       -0.0000000022
     1     8    30     4        0.0000548902       -0.0000010255
     1     8    30     5       -0.0000068096        0.0000001272
 
     1     8    31     1        0.0000005107       -0.0000000095
     1     8    31     2       -0.0000617609        0.0000011538
     1     8    31     3        0.0000000542       -0.0000000010
     1     8    31     4        0.0000636391       -0.0000011889
     1     8    31     5        0.0002271908       -0.0000042445
 
     1     8    32     1        0.0000985416       -0.0000018410
     1     8    32     2        0.0002039505       -0.0000038103
     1     8    32     3        0.0000118905       -0.0000002221
     1     8    32     4        0.0002034843       -0.0000038016
     1     8    32     5       -0.0000008971        0.0000000168
 
